------------------------------------------------
IEEE 14 BUS SYSTEM MEASUREMENTS
Author: PROFESSOR JOÃO BOSCO LONDON JÚNIOR
Year: 2018
------------------------------------------------

-------------------------------------------------
Active power measures columns
1 "From" bus
2 "To" bus
3 Measurement
4 Standard deviation

BEGGINING ACTIVE POWER MEASURES
-------------------------------------------------
001	001	1.805948	0.03
002	002	1.110736	0.03 
003	003	-0.837364	0.03
004	004	-0.546817	0.03
006	006	-0.148206	0.03
007	007	-0.007877	0.03
008	008	-0.011707	0.03
009	009	-0.42027	0.03
010	010	-0.108102	0.03
012	012	-0.061547	0.03
014	014	-0.096958	0.03
001	002	1.046553	0.03
001	005	0.760612	0.03
003	002	-0.763714	0.03
005	002	-0.59973	0.03
004	003	0.103817	0.03
004	005	-0.494124	0.03
009	004	-0.215058	0.03
006	005	-0.49275	0.03
006	011	0.116491	0.03
006	012	0.074949	0.03
012	006	-0.071712	0.03
006	013	0.611072	0.03
007	008	-0.006174	0.03
008	007	0.007083	0.03
009	007	-0.374746	0.03
010	009	-0.108146	0.03
010	011	-0.024905	0.03
012	013	0.007900	0.03
014	013	-0.05432	0.03 
-999
-------------------------------------------------
Reactive power measures columns
1 "From" bus
2 "To" bus
3 Measurement
4 Standard deviation

BEGGINING REACTIVE POWER MEASURES
-------------------------------------------------
001	001	-0.027783	0.03
002	002	0.339282	0.03
003	003	0.186981	0.03
004	004	0.052783	0.03
006	006	-0.04180	0.03
007	007	0.012383	0.03
008	008	0.157577	0.03
009	009	-0.169707	0.03
010	010	-0.060623	0.03
012	012	-0.009196	0.03
014	014	-0.04331	0.03
001	002	-0.153048	0.03
001	005	0.127190	0.03
003	002	0.072791	0.03
005	002	-0.061917	0.03
004	003	-0.147473	0.03
004	005	0.200314	0.03
009	004	-0.00347	0.03
006	005	-0.158802	0.03
006	011	0.020472	0.03
006	012	0.023239	0.03
006	013	0.508660	0.03
012	006	-0.005321	0.03
006	013	0.508660	0.03
007	008	-0.168408	0.03
008	007	0.174953	0.03
009	007	-0.075407	0.03
010	009	-0.064775	0.03
010	011	0.005450	0.03
012	013	0.008269	0.03
014	013	0.015596	0.03
-999
-------------------------------------------------
Voltage measures columns
1 Bus
2 Measure
3 Standard devition

BEGGINING VOLTAGE MEASURES
------------------------------------------------- 
001	1.051698	0.01
-999
-------------------------------------------------
Power pseudo-measures columns
1 "From" bus
2 "To" bus
3 Active power pseudo-measure
4 Active power pseudo-measure standard deviation
5 Reactive power pseudo-measure
6 Reactive power pseudo-measure standard deviation

BEGGINING AVAILABLE PSEUDO-MEASURES (IN ORDER OF PRIORITY)
------------------------------------------------- 
012	012	1	0.1	1	0.1
008	007	2	0.1	2	0.1
011	006	3	0.1	3	0.1
007	009	4	0.1	4	0.1
002	002	5	0.1	5	0.1
-999
END OF FILE
